1.008064000000000249e+01 9.264599999999999502e-01
1.033265600000000362e+01 9.485599999999999588e-01
1.058467200000000297e+01 9.660100000000000353e-01
1.083668799999999877e+01 9.693699999999999539e-01
1.108870399999999989e+01 9.259800000000000253e-01
1.134071999999999925e+01 9.361800000000000122e-01
1.159273600000000037e+01 9.723500000000000476e-01
1.184475200000000150e+01 9.970099999999999518e-01
1.209676799999999908e+01 9.888700000000000268e-01
1.234878400000000020e+01 9.805899999999999617e-01
1.260080000000000133e+01 9.778799999999999715e-01
1.285281600000000068e+01 9.606700000000000239e-01
1.310483200000000004e+01 9.469400000000000039e-01
1.335684800000000116e+01 9.422000000000000375e-01
1.360886400000000229e+01 9.263900000000000468e-01
1.386088000000000164e+01 9.160899999999999599e-01
1.411289600000000277e+01 8.964600000000000346e-01
1.436491200000000035e+01 8.743800000000000461e-01
1.461692800000000148e+01 8.602300000000000502e-01
1.486894400000000083e+01 8.477900000000000436e-01
1.512096000000000018e+01 8.339699999999999891e-01
1.537297599999999953e+01 8.170500000000000540e-01
1.562499200000000066e+01 8.053900000000000503e-01
1.587700800000000001e+01 7.996299999999999519e-01
1.612902400000000114e+01 7.899300000000000210e-01
1.638104000000000227e+01 7.783700000000000063e-01
1.663305600000000695e+01 7.737600000000000033e-01
1.688507200000000097e+01 7.711400000000000476e-01
1.713708800000000565e+01 7.655199999999999783e-01
1.738910399999999967e+01 7.621099999999999541e-01
1.764112000000000080e+01 7.678800000000000070e-01
1.789313600000000193e+01 7.760200000000000431e-01
1.814515200000000306e+01 7.810000000000000275e-01
1.839716800000000063e+01 7.876900000000000013e-01
1.864918400000000176e+01 7.966199999999999948e-01
1.890120000000000289e+01 8.041700000000000514e-01
1.915321600000000046e+01 8.079899999999999860e-01
1.940523200000000159e+01 8.153299999999999992e-01
1.965724800000000272e+01 8.262000000000000455e-01
1.990926399999999674e+01 8.380900000000000016e-01
1.991171200000000141e+01 8.485300000000000065e-01
2.003853799999999907e+01 8.480900000000000105e-01
2.016128000000000497e+01 8.534100000000000019e-01
2.016536400000000739e+01 8.540699999999999958e-01
2.029218999999999795e+01 8.620100000000000540e-01
2.041901599999999561e+01 8.715100000000000069e-01
2.054584200000000038e+01 8.770000000000000018e-01
2.067266799999999805e+01 8.867300000000000182e-01
2.079949400000000637e+01 8.952299999999999702e-01
2.092632000000000048e+01 9.020799999999999930e-01
2.105314600000000169e+01 9.069000000000000394e-01
2.117997199999999935e+01 9.103999999999999870e-01
2.130679800000000057e+01 9.174200000000000133e-01
2.143362400000000534e+01 9.244700000000000140e-01
2.156044999999999945e+01 9.280800000000000161e-01
2.168727600000000066e+01 9.366299999999999626e-01
2.181410199999999833e+01 9.472500000000000364e-01
2.194092799999999954e+01 9.574700000000000433e-01
2.206775400000000431e+01 9.664599999999999858e-01
2.219458000000000197e+01 9.677299999999999791e-01
2.232140600000000319e+01 9.715700000000000447e-01
2.244823199999999730e+01 9.760799999999999477e-01
2.257505799999999851e+01 9.749200000000000088e-01
2.270188399999999618e+01 9.791900000000000048e-01
2.282870999999999739e+01 9.824399999999999800e-01
2.295553600000000571e+01 9.867599999999999705e-01
2.308236199999999627e+01 9.907899999999999485e-01
2.320918800000000104e+01 9.935399999999999787e-01
2.333601399999999515e+01 9.979299999999999837e-01
2.346283999999999992e+01 9.948200000000000376e-01
2.358966600000000113e+01 9.955100000000000060e-01
2.371649200000000235e+01 1.000490000000000101e+00
2.384331800000000001e+01 9.971200000000000063e-01
2.397014399999999767e+01 1.000369999999999981e+00
2.409696999999999889e+01 1.005789999999999962e+00
2.422379600000000011e+01 1.000639999999999974e+00
2.435062200000000132e+01 9.931499999999999773e-01
2.447744800000000609e+01 9.903999999999999471e-01
2.460427400000000020e+01 9.842199999999999838e-01
2.473110000000000142e+01 9.817900000000000515e-01
2.485792599999999197e+01 9.801999999999999602e-01
2.498475200000000029e+01 9.790900000000000158e-01
2.511157800000000151e+01 9.771300000000000541e-01
2.523840399999999917e+01 9.702399999999999913e-01
2.536522999999999683e+01 9.639199999999999990e-01
2.549205599999999450e+01 9.615000000000000213e-01
2.561888199999999927e+01 9.565299999999999914e-01
2.574570799999999693e+01 9.493300000000000072e-01
2.587253400000000525e+01 9.468100000000000405e-01
2.599935999999999581e+01 9.445299999999999807e-01
2.612618599999999702e+01 9.404400000000000537e-01
2.625301199999999469e+01 9.323299999999999921e-01
2.637983799999999945e+01 9.241000000000000325e-01
2.650666400000000067e+01 9.205400000000000249e-01
2.663349000000000188e+01 9.183499999999999996e-01
2.676031599999999955e+01 9.171500000000000208e-01
2.688714200000000076e+01 9.115499999999999714e-01
2.701396799999999843e+01 9.049399999999999666e-01
2.714079399999999964e+01 9.058100000000000041e-01
2.726762000000000086e+01 9.037100000000000133e-01
2.739444600000000207e+01 8.970299999999999940e-01
2.752127199999999974e+01 8.953299999999999592e-01
2.764809799999999740e+01 8.954400000000000137e-01
2.777492399999999861e+01 8.920200000000000351e-01
2.790174999999999983e+01 8.861599999999999477e-01
2.802857600000000460e+01 8.820500000000000007e-01
2.815540200000000226e+01 8.804199999999999804e-01
2.828222799999999637e+01 8.805300000000000349e-01
2.840905399999999759e+01 8.811799999999999633e-01
2.853587999999999525e+01 8.826500000000000457e-01
2.866270600000000357e+01 8.823699999999999877e-01
2.878953199999999768e+01 8.802299999999999569e-01
2.891635799999999890e+01 8.807300000000000129e-01
2.904318400000000011e+01 8.816800000000000193e-01
2.917000999999999777e+01 8.800099999999999589e-01
2.929683599999999899e+01 8.804100000000000259e-01
2.942366200000000021e+01 8.822200000000000042e-01
2.955048800000000142e+01 8.849700000000000344e-01
2.967731399999999908e+01 8.882600000000000495e-01
2.980414000000000385e+01 8.882100000000000550e-01
2.993096599999999441e+01 8.880299999999999860e-01
3.005779200000000273e+01 8.910700000000000287e-01
3.018461800000000039e+01 8.943699999999999983e-01
3.031144399999999450e+01 8.963600000000000456e-01
3.043826999999999927e+01 9.014299999999999535e-01
3.056509600000000049e+01 9.086800000000000432e-01
3.069192199999999460e+01 9.113900000000000334e-01
3.081874799999999937e+01 9.156900000000000039e-01
3.094557400000000769e+01 9.229500000000000481e-01
3.107239999999999824e+01 9.241399999999999615e-01
3.119922599999999946e+01 9.257499999999999618e-01
3.132605199999999712e+01 9.324000000000000066e-01
3.145287799999999834e+01 9.366499999999999826e-01
3.157970399999999955e+01 9.400600000000000067e-01
3.170653000000000432e+01 9.455299999999999816e-01
3.183335599999999843e+01 9.495799999999999796e-01
3.196018199999999965e+01 9.535500000000000087e-01
3.208700799999999020e+01 9.579699999999999882e-01
3.221383399999999853e+01 9.589800000000000546e-01
3.234065999999999264e+01 9.609199999999999964e-01
3.246748600000000806e+01 9.633899999999999686e-01
3.259431200000000217e+01 9.668799999999999617e-01
3.272113800000000339e+01 9.722199999999999731e-01
3.284796400000000460e+01 9.760100000000000442e-01
3.297478999999999161e+01 9.774000000000000465e-01
3.310161600000000703e+01 9.810499999999999776e-01
3.322844200000000114e+01 9.828000000000000069e-01
3.335526799999999525e+01 9.827099999999999724e-01
3.348209400000000358e+01 9.880400000000000293e-01
3.360891999999999769e+01 9.932400000000000118e-01
3.373574599999999890e+01 9.911600000000000410e-01
3.386257200000000012e+01 9.886700000000000488e-01
3.398939800000000133e+01 9.910999999999999810e-01
3.411622400000000965e+01 9.915699999999999514e-01
3.424304999999999666e+01 9.897799999999999931e-01
3.436987600000001208e+01 9.914800000000000280e-01
3.449670200000000619e+01 9.926700000000000523e-01
3.462352800000000030e+01 9.929799999999999738e-01
3.475035399999999441e+01 9.934600000000000097e-01
3.487717999999999563e+01 9.928700000000000303e-01
3.500400600000001106e+01 9.915800000000000169e-01
3.513083199999999806e+01 9.887599999999999723e-01
3.525765799999999928e+01 9.897700000000000387e-01
3.538448400000000049e+01 9.908000000000000140e-01
3.551130999999999460e+01 9.879799999999999693e-01
3.563813600000000292e+01 9.857200000000000406e-01
3.576496199999999703e+01 9.869799999999999685e-01
3.589178799999999114e+01 9.872199999999999864e-01
3.601861399999999946e+01 9.826399999999999579e-01
3.614544000000000779e+01 9.810200000000000031e-01
3.627226600000000190e+01 9.800999999999999712e-01
3.639909199999999601e+01 9.794699999999999518e-01
3.652591800000000433e+01 9.774899999999999700e-01
3.665274399999999844e+01 9.758999999999999897e-01
3.677957000000000676e+01 9.755300000000000082e-01
3.690639599999999376e+01 9.729400000000000270e-01
3.703322199999999498e+01 9.720800000000000551e-01
3.716004800000000330e+01 9.727700000000000236e-01
3.728687400000000451e+01 9.711699999999999777e-01
3.741369999999999862e+01 9.680499999999999661e-01
3.754052599999999984e+01 9.670900000000000052e-01
3.766735200000000816e+01 9.673000000000000487e-01
3.779417800000000227e+01 9.667999999999999927e-01
3.792100400000000349e+01 9.658499999999999863e-01
3.804783000000001181e+01 9.658900000000000263e-01
3.817465599999999171e+01 9.661499999999999533e-01
3.830148199999999292e+01 9.637099999999999556e-01
3.842830799999999414e+01 9.633899999999999686e-01
3.855513399999999535e+01 9.647999999999999909e-01
3.868196000000000367e+01 9.644200000000000550e-01
3.880878599999999068e+01 9.651999999999999469e-01
3.893561199999999900e+01 9.661800000000000388e-01
3.906243800000000022e+01 9.638200000000000101e-01
3.918926400000000143e+01 9.628499999999999837e-01
3.931609000000000265e+01 9.650999999999999579e-01
3.944291599999999676e+01 9.679499999999999771e-01
3.956974199999999797e+01 9.723300000000000276e-01
3.969656799999999919e+01 9.734199999999999520e-01
3.982339400000000751e+01 9.735899999999999554e-01
3.995022000000000162e+01 9.746200000000000419e-01
4.007704600000000283e+01 9.697900000000000409e-01
4.020387200000000405e+01 9.689999999999999725e-01
4.033069800000000527e+01 9.719400000000000261e-01
4.045752399999999938e+01 9.708799999999999653e-01
4.058435000000000059e+01 9.707400000000000473e-01
4.071117599999999470e+01 9.744000000000000439e-01
4.083800199999999592e+01 9.752499999999999503e-01
4.096482800000000424e+01 9.736200000000000410e-01
4.109165400000000545e+01 9.747000000000000108e-01
4.121847999999999956e+01 9.750199999999999978e-01
4.134530600000000078e+01 9.753300000000000303e-01
4.147213200000000199e+01 9.780999999999999694e-01
4.159895800000000321e+01 9.805700000000000527e-01
4.172578400000001153e+01 9.809200000000000141e-01
4.185260999999999143e+01 9.796099999999999808e-01
4.197943600000000686e+01 9.791199999999999903e-01
4.210626200000000097e+01 9.801600000000000312e-01
4.223308799999999508e+01 9.802400000000000002e-01
4.235991400000001050e+01 9.809400000000000341e-01
4.248674000000000461e+01 9.815399999999999681e-01
4.261356599999999162e+01 9.802199999999999802e-01
4.274039199999999283e+01 9.796700000000000408e-01
4.286721799999999405e+01 9.802300000000000457e-01
4.299404400000000948e+01 9.800400000000000222e-01
4.312086999999998937e+01 9.796099999999999808e-01
4.324769599999999059e+01 9.801100000000000367e-01
4.337452199999999891e+01 9.804800000000000182e-01
4.350134800000000013e+01 9.795300000000000118e-01
4.362817399999999424e+01 9.796300000000000008e-01
4.375499999999999545e+01 9.795300000000000118e-01
4.388182600000001088e+01 9.782600000000000184e-01
4.400865199999999788e+01 9.776099999999999790e-01
4.413547800000000620e+01 9.767000000000000126e-01
4.426230400000000031e+01 9.754000000000000448e-01
4.438912999999999442e+01 9.737000000000000099e-01
4.451595599999999564e+01 9.727200000000000291e-01
4.464278199999999686e+01 9.725300000000000056e-01
4.476960800000001939e+01 9.726900000000000546e-01
4.489643399999999929e+01 9.723199999999999621e-01
4.502325999999999340e+01 9.713399999999999812e-01
4.515008600000000172e+01 9.709999999999999742e-01
4.527691199999999583e+01 9.704199999999999493e-01
4.540373800000000415e+01 9.704500000000000348e-01
4.553056399999999115e+01 9.700100000000000389e-01
4.565738999999998526e+01 9.681800000000000406e-01
4.578421600000000069e+01 9.695899999999999519e-01
4.591104200000000191e+01 9.697299999999999809e-01
4.603786800000000312e+01 9.689799999999999525e-01
4.616469399999999723e+01 9.682199999999999696e-01
4.629152000000000555e+01 9.676799999999999846e-01
4.641834600000000677e+01 9.676399999999999446e-01
4.654517200000000088e+01 9.669900000000000162e-01
4.667199800000000209e+01 9.665599999999999747e-01
4.679882399999999620e+01 9.657599999999999518e-01
4.692565000000000452e+01 9.662100000000000133e-01
4.705247599999999863e+01 9.668700000000000072e-01
4.717930199999999985e+01 9.658499999999999863e-01
4.730612800000000817e+01 9.660999999999999588e-01
4.743295400000000228e+01 9.671300000000000452e-01
4.755977999999999639e+01 9.643300000000000205e-01
4.768660599999999050e+01 9.613099999999999978e-01
4.781343200000000593e+01 9.621399999999999952e-01
4.794025800000000004e+01 9.615500000000000158e-01
4.806708399999998704e+01 9.585700000000000331e-01
4.819391000000000247e+01 9.575000000000000178e-01
4.832073599999999658e+01 9.569999999999999618e-01
4.844756200000000490e+01 9.572899999999999743e-01
4.857438799999999191e+01 9.591800000000000326e-01
4.870121399999999312e+01 9.589499999999999691e-01
4.882804000000000855e+01 9.582000000000000517e-01
4.895486599999999555e+01 9.573800000000000088e-01
4.908169200000001098e+01 9.573099999999999943e-01
4.920851799999999798e+01 9.577499999999999902e-01
4.933534399999999209e+01 9.564500000000000224e-01
4.946217000000000041e+01 9.550999999999999490e-01
4.958899600000000163e+01 9.543000000000000371e-01
4.971582200000001706e+01 9.540399999999999991e-01
4.984264799999998985e+01 9.520100000000000229e-01
4.996947399999999817e+01 9.498900000000000121e-01
5.009629999999999939e+01 9.500800000000000356e-01
5.022312599999999350e+01 9.490499999999999492e-01
5.034995199999999471e+01 9.475500000000000034e-01
5.047677799999998882e+01 9.475500000000000034e-01
5.060360399999999714e+01 9.467999999999999750e-01
5.073042999999999836e+01 9.453300000000000036e-01
5.085725599999999957e+01 9.447299999999999587e-01
5.098408200000000079e+01 9.435700000000000198e-01
5.111090799999999490e+01 9.425299999999999789e-01
5.123773400000000322e+01 9.419600000000000195e-01
5.136455999999999733e+01 9.420699999999999630e-01
5.149138600000000565e+01 9.411100000000000021e-01
5.161821199999999976e+01 9.398600000000000287e-01
5.174503800000000098e+01 9.390500000000000513e-01
5.187186400000000930e+01 9.381099999999999994e-01
5.199868999999998209e+01 9.377799999999999470e-01
5.212551600000001173e+01 9.362399999999999611e-01
5.225234199999999873e+01 9.340899999999999759e-01
5.237916799999998574e+01 9.322599999999999776e-01
5.250599400000000117e+01 9.305299999999999683e-01
5.263281999999999528e+01 9.281300000000000106e-01
5.275964600000000360e+01 9.251000000000000334e-01
5.288647199999998350e+01 9.220899999999999652e-01
5.301329799999999892e+01 9.187600000000000211e-01
5.314012400000000724e+01 9.153299999999999770e-01
5.326695000000000135e+01 9.125999999999999668e-01
5.339377600000000257e+01 9.087899999999999867e-01
5.352060199999999668e+01 9.042900000000000382e-01
5.364742800000000500e+01 8.998199999999999532e-01
5.377425399999999200e+01 8.939300000000000024e-01
5.390108000000000033e+01 8.886500000000000510e-01
5.402790600000000865e+01 8.842799999999999550e-01
5.415473200000000276e+01 8.782499999999999751e-01
5.428155800000000397e+01 8.718200000000000394e-01
5.440838399999999098e+01 8.665199999999999569e-01
5.453520999999999219e+01 8.613399999999999945e-01
5.466203599999999341e+01 8.552800000000000402e-01
5.478886199999998752e+01 8.481699999999999795e-01
5.491568800000001005e+01 8.420600000000000307e-01
5.504251399999999705e+01 8.362600000000000033e-01
5.516933999999999827e+01 8.288200000000000012e-01
5.529616599999999238e+01 8.206700000000000106e-01
5.542299199999999360e+01 8.138900000000000023e-01
5.554981800000000192e+01 8.082799999999999985e-01
5.567664399999999603e+01 8.024999999999999911e-01
5.580346999999999724e+01 7.966499999999999693e-01
5.593029599999999846e+01 7.926699999999999857e-01
5.605712199999999967e+01 7.885499999999999732e-01
5.618394800000000089e+01 7.839199999999999502e-01
5.631077399999999500e+01 7.813499999999999890e-01
5.643760000000000332e+01 7.785400000000000098e-01
5.656442599999999743e+01 7.744299999999999518e-01
5.669125199999999865e+01 7.707300000000000262e-01
5.681807799999999986e+01 7.663600000000000412e-01
5.694490399999999397e+01 7.618500000000000272e-01
5.707173000000000229e+01 7.560099999999999598e-01
5.719855599999998930e+01 7.472199999999999953e-01
5.732538200000000472e+01 7.376800000000000024e-01
5.745220799999999883e+01 7.263800000000000257e-01
5.757903399999999294e+01 7.115899999999999448e-01
5.770586000000000126e+01 6.945099999999999607e-01
5.783268599999998827e+01 6.740300000000000180e-01
5.795951200000001080e+01 6.493799999999999573e-01
5.808633800000000491e+01 6.219000000000000083e-01
5.821316399999999192e+01 5.918400000000000327e-01
5.833999000000000734e+01 5.588400000000000034e-01
5.846681599999999435e+01 5.231200000000000294e-01
5.859364200000000267e+01 4.859899999999999776e-01
5.872046800000000388e+01 4.486299999999999732e-01
5.884729400000000510e+01 4.116900000000000004e-01
5.897411999999999210e+01 3.763599999999999723e-01
5.910094600000000042e+01 3.412899999999999823e-01
5.922777200000000164e+01 3.065200000000000147e-01
5.935459799999998154e+01 2.752700000000000147e-01
5.948142400000000407e+01 2.455499999999999905e-01
5.960824999999999108e+01 2.168299999999999950e-01
5.973507599999998519e+01 1.915199999999999958e-01
5.986190200000000061e+01 1.676300000000000012e-01
5.998872800000000183e+01 1.460400000000000031e-01
6.011555400000000304e+01 1.276400000000000035e-01
6.024237999999999005e+01 1.105799999999999977e-01
6.036920599999999837e+01 9.603000000000000425e-02
6.049603199999999958e+01 8.332000000000000517e-02
6.062285799999998659e+01 7.234000000000000152e-02
6.074968400000000202e+01 6.376999999999999336e-02
6.087651000000000323e+01 5.557999999999999746e-02
6.100333599999999734e+01 4.846999999999999920e-02
6.113016199999998435e+01 4.250999999999999918e-02
6.125698799999999977e+01 3.783000000000000251e-02
6.138381400000000099e+01 3.373000000000000304e-02
6.151064000000000220e+01 2.937999999999999987e-02
6.163746599999999631e+01 2.598999999999999921e-02
6.176429199999999753e+01 2.352999999999999883e-02
6.189111799999999874e+01 2.117000000000000132e-02
6.201794399999999996e+01 1.893999999999999850e-02
6.214476999999999407e+01 1.684000000000000080e-02
6.227159600000000950e+01 1.499999999999999944e-02
6.239842199999999650e+01 1.422000000000000000e-02
6.252524799999999772e+01 1.281999999999999980e-02
6.265207399999999893e+01 1.101000000000000069e-02
6.277890000000000725e+01 9.700000000000000289e-03
6.290572600000000847e+01 8.680000000000000215e-03
6.303255199999999547e+01 8.149999999999999259e-03
6.315937799999999669e+01 7.190000000000000210e-03
6.328620400000001212e+01 6.270000000000000399e-03
6.341303000000000623e+01 6.060000000000000282e-03
6.353985600000000744e+01 5.960000000000000020e-03
6.366668199999999445e+01 6.089999999999999927e-03
6.379350800000000987e+01 5.040000000000000209e-03
6.392033399999998977e+01 3.399999999999999811e-03
6.404716000000000520e+01 3.449999999999999942e-03
6.417398599999998510e+01 3.350000000000000113e-03
6.430081199999999342e+01 2.980000000000000010e-03
6.442763800000000174e+01 3.959999999999999978e-03
6.455446399999998164e+01 4.210000000000000200e-03
6.468129000000001838e+01 3.690000000000000138e-03
6.480811599999999828e+01 3.220000000000000206e-03
6.493494199999999239e+01 2.560000000000000209e-03
6.506176800000001492e+01 2.439999999999999895e-03
6.518859399999999482e+01 3.030000000000000141e-03
6.531542000000001735e+01 3.259999999999999877e-03
6.544224599999999725e+01 3.350000000000000113e-03
6.556907199999999136e+01 2.729999999999999788e-03
6.569589799999999968e+01 1.969999999999999963e-03
6.582272399999999379e+01 2.079999999999999818e-03
6.594955000000000211e+01 2.040000000000000147e-03
6.607637599999999622e+01 2.469999999999999973e-03
6.620320200000000455e+01 2.609999999999999907e-03
6.633002799999999866e+01 1.990000000000000015e-03
6.645685399999997856e+01 2.690000000000000117e-03
6.658368000000000109e+01 2.779999999999999919e-03
6.671050599999999520e+01 1.510000000000000057e-03
6.683733200000000352e+01 1.139999999999999954e-03
6.696415799999999763e+01 1.799999999999999951e-03
6.709098399999999174e+01 1.479999999999999979e-03
6.721781000000001427e+01 3.600000000000000227e-04
6.734463600000000838e+01 8.300000000000000086e-04
6.747146200000000249e+01 2.599999999999999772e-04
6.759828800000001081e+01 -4.699999999999999859e-04
6.772511400000000492e+01 8.700000000000000051e-04
6.785193999999999903e+01 2.119999999999999923e-03
6.797876600000000735e+01 2.399999999999999790e-03
6.810559200000000146e+01 6.999999999999999929e-04
6.823241799999998136e+01 2.300000000000000070e-04
6.835924399999998968e+01 1.379999999999999933e-03
6.848606999999998379e+01 1.389999999999999960e-03
6.861289600000000632e+01 1.240000000000000000e-03
6.873972200000000043e+01 9.899999999999999946e-04
6.886654799999998033e+01 1.700000000000000122e-04
6.899337400000000287e+01 -7.900000000000000121e-04
6.912020000000001119e+01 -1.030000000000000100e-03
6.924702599999999109e+01 -3.299999999999999982e-04
6.937385199999999941e+01 -1.049999999999999935e-03
6.950067799999997931e+01 -6.599999999999999964e-04
6.962750399999998763e+01 -4.069999999999999833e-03
6.975432999999999595e+01 -5.340000000000000129e-03
6.988115599999999006e+01 6.830000000000000134e-03
7.000798199999999838e+01 1.009000000000000001e-02
7.013480799999999249e+01 4.329999999999999648e-03
7.026163399999998660e+01 3.249999999999999851e-03
7.038845999999999492e+01 2.429999999999999868e-03
7.051528600000001745e+01 1.649999999999999991e-03
7.064211199999999735e+01 2.690000000000000117e-03
7.076893799999999146e+01 3.360000000000000139e-03
7.089576399999998557e+01 2.589999999999999854e-03
7.102258999999999389e+01 2.390000000000000197e-03
7.114941600000000221e+01 3.010000000000000089e-03
7.127624199999998211e+01 2.939999999999999905e-03
7.140306800000000464e+01 2.769999999999999893e-03
7.152989400000001297e+01 2.259999999999999856e-03
7.165671999999999287e+01 2.249999999999999830e-03
7.178354600000001540e+01 3.020000000000000115e-03
7.191037199999998109e+01 2.899999999999999800e-03
7.203719800000000362e+01 2.980000000000000010e-03
7.216402399999999773e+01 3.109999999999999917e-03
7.229084999999997763e+01 3.190000000000000127e-03
7.241767600000000016e+01 2.830000000000000050e-03
7.254450199999999427e+01 2.589999999999999854e-03
7.267132800000000259e+01 2.309999999999999987e-03
7.279815399999999670e+01 2.190000000000000106e-03
7.292498000000000502e+01 2.380000000000000171e-03
7.305180600000001334e+01 1.660000000000000017e-03
7.317863199999997903e+01 1.360000000000000098e-03
7.330545800000000156e+01 1.840000000000000056e-03
7.343228400000000988e+01 1.779999999999999898e-03
7.355911000000000399e+01 1.539999999999999919e-03
7.368593599999999810e+01 1.930000000000000075e-03
7.381276199999999221e+01 1.979999999999999989e-03
7.393958800000000053e+01 1.030000000000000100e-03
7.406641400000000885e+01 8.599999999999999789e-04
7.419324000000000296e+01 7.399999999999999894e-04
7.432006599999999708e+01 5.699999999999999772e-04
7.444689199999997697e+01 6.700000000000000226e-04
7.457371799999999951e+01 1.119999999999999902e-03
7.470054400000000783e+01 1.080000000000000014e-03
7.482737000000000194e+01 8.400000000000000348e-04
7.495419599999999605e+01 1.500000000000000031e-03
7.508102200000000437e+01 1.809999999999999977e-03
7.520784799999998427e+01 1.680000000000000070e-03
7.533467399999999259e+01 1.039999999999999909e-03
7.546150000000001512e+01 4.800000000000000122e-04
7.558832600000000923e+01 7.500000000000000156e-04
7.571515200000000334e+01 1.059999999999999961e-03
7.584197800000001166e+01 1.229999999999999974e-03
7.596880400000000577e+01 1.389999999999999960e-03
7.609562999999999988e+01 1.180000000000000059e-03
7.622245600000002241e+01 1.559999999999999972e-03
7.634928200000000231e+01 1.990000000000000015e-03
7.647610799999998221e+01 1.729999999999999984e-03
7.660293399999999053e+01 1.709999999999999932e-03
7.672975999999998464e+01 1.199999999999999895e-03
7.685658599999999296e+01 1.299999999999999940e-03
7.698341200000000129e+01 1.799999999999999951e-03
7.711023799999999540e+01 1.410000000000000012e-03
7.723706400000000372e+01 1.240000000000000000e-03
7.736388999999998362e+01 1.299999999999999940e-03
7.749071600000000615e+01 1.580000000000000024e-03
7.761754200000000026e+01 2.060000000000000199e-03
7.774436799999999437e+01 1.010000000000000047e-03
7.787119400000000269e+01 6.499999999999999702e-04
7.799801999999999680e+01 1.350000000000000071e-03
7.812484600000001933e+01 1.160000000000000007e-03
7.825167199999999923e+01 1.229999999999999974e-03
7.837849799999999334e+01 1.030000000000000100e-03
7.850532400000001587e+01 1.069999999999999988e-03
7.863214999999998156e+01 1.059999999999999961e-03
7.875897600000000409e+01 8.999999999999999754e-04
7.888580200000001241e+01 8.300000000000000086e-04
7.901262800000000652e+01 7.100000000000000191e-04
7.913945400000000063e+01 9.799999999999999684e-04
7.926627999999999474e+01 8.000000000000000383e-04
7.939310600000000306e+01 1.049999999999999935e-03
7.951993199999998296e+01 1.270000000000000078e-03
7.964675800000000550e+01 1.180000000000000059e-03
7.977358400000001382e+01 1.270000000000000078e-03
7.990041000000002214e+01 1.549999999999999946e-03
8.002723600000001625e+01 1.280000000000000105e-03
8.015406200000001036e+01 1.139999999999999954e-03
8.028088800000000447e+01 9.100000000000000016e-04
8.040771399999999858e+01 6.400000000000000524e-04
8.053454000000000690e+01 8.700000000000000051e-04
8.066136600000001522e+01 9.600000000000000243e-04
8.078819199999998091e+01 1.529999999999999893e-03
8.091501800000000344e+01 1.580000000000000024e-03
8.104184400000002597e+01 1.680000000000000070e-03
8.116866999999999166e+01 1.580000000000000024e-03
8.129549599999997156e+01 1.260000000000000052e-03
8.142232199999999409e+01 1.020000000000000073e-03
8.154914800000000241e+01 1.129999999999999928e-03
8.167597399999999652e+01 1.299999999999999940e-03
8.180280000000000484e+01 1.440000000000000091e-03
8.192962599999999895e+01 1.059999999999999961e-03
8.205645200000002148e+01 3.299999999999999982e-04
8.218327799999998717e+01 9.799999999999999684e-04
8.231010399999998128e+01 9.100000000000000016e-04
8.243692999999998960e+01 6.099999999999999737e-04
8.256375599999998371e+01 1.000000000000000021e-03
8.269058200000000625e+01 1.160000000000000007e-03
8.281740800000001457e+01 1.250000000000000026e-03
8.294423399999999447e+01 8.000000000000000383e-04
8.307106000000000279e+01 7.799999999999999859e-04
8.319788599999999690e+01 6.300000000000000261e-04
8.332471199999999101e+01 5.800000000000000034e-04
8.345153799999998512e+01 8.899999999999999491e-04
8.357836400000002186e+01 5.500000000000000331e-04
8.370519000000000176e+01 5.100000000000000366e-04
8.383201599999999587e+01 8.400000000000000348e-04
8.395884200000001840e+01 5.500000000000000331e-04
8.408566799999998409e+01 3.200000000000000262e-04
8.421249400000000662e+01 6.300000000000000261e-04
8.433932000000000073e+01 8.400000000000000348e-04
8.446614599999999484e+01 9.499999999999999981e-04
8.459297200000000316e+01 8.499999999999999526e-04
8.471979799999999727e+01 3.699999999999999947e-04
8.484662400000000559e+01 1.700000000000000122e-04
8.497345000000001392e+01 4.200000000000000174e-04
8.510027599999999381e+01 4.499999999999999877e-04
8.522710200000000214e+01 9.300000000000000541e-04
8.535392799999999625e+01 8.700000000000000051e-04
8.548075399999997614e+01 1.199999999999999895e-03
8.560758000000001289e+01 1.789999999999999925e-03
8.573440600000002121e+01 6.700000000000000226e-04
8.586123200000000111e+01 6.099999999999999737e-04
8.598805799999999522e+01 1.280000000000000105e-03
8.611488399999998933e+01 8.300000000000000086e-04
8.624170999999998344e+01 8.400000000000000348e-04
8.636853599999999176e+01 1.440000000000000091e-03
8.649536200000000008e+01 1.410000000000000012e-03
8.662218799999997998e+01 1.119999999999999902e-03
8.674901400000001672e+01 9.799999999999999684e-04
8.687583999999999662e+01 1.020000000000000073e-03
8.700266600000000494e+01 1.209999999999999921e-03
8.712949199999999905e+01 1.410000000000000012e-03
8.725631799999999316e+01 1.569999999999999998e-03
8.738314400000000148e+01 1.160000000000000007e-03
8.750997000000000980e+01 1.090000000000000040e-03
8.763679600000000391e+01 1.209999999999999921e-03
8.776362200000001224e+01 5.199999999999999544e-04
8.789044799999999213e+01 4.899999999999999842e-04
8.801727399999998624e+01 1.049999999999999935e-03
8.814409999999999457e+01 1.170000000000000033e-03
8.827092600000000289e+01 7.200000000000000453e-04
8.839775199999999700e+01 5.400000000000000069e-04
8.852457800000000532e+01 6.899999999999999667e-04
8.865140399999999943e+01 5.800000000000000034e-04
8.877823000000002196e+01 6.700000000000000226e-04
8.890505600000000186e+01 9.899999999999999946e-04
8.903188199999998176e+01 1.100000000000000066e-03
8.915870800000000429e+01 9.300000000000000541e-04
8.928553400000001261e+01 1.020000000000000073e-03
8.941236000000000672e+01 1.030000000000000100e-03
8.953918600000001504e+01 1.000000000000000021e-03
8.966601200000000915e+01 1.149999999999999981e-03
8.979283800000001747e+01 8.800000000000000313e-04
8.991966399999999737e+01 8.800000000000000313e-04
9.004649000000001990e+01 1.209999999999999921e-03
9.017331599999999980e+01 9.300000000000000541e-04
9.030014199999997970e+01 1.069999999999999988e-03
9.042696800000000223e+01 1.479999999999999979e-03
9.055379399999998213e+01 1.039999999999999909e-03
9.068062000000000467e+01 1.110000000000000092e-03
9.080744599999998456e+01 1.039999999999999909e-03
9.093427200000000710e+01 9.600000000000000243e-04
9.106109800000000121e+01 1.090000000000000040e-03
9.118792399999996690e+01 8.800000000000000313e-04
9.131475000000000364e+01 1.090000000000000040e-03
9.144157599999999775e+01 8.199999999999999824e-04
9.156840199999999186e+01 4.600000000000000139e-04
9.169522800000001439e+01 4.499999999999999877e-04
9.182205399999999429e+01 5.800000000000000034e-04
9.194888000000000261e+01 9.200000000000000278e-04
9.207570599999998251e+01 7.200000000000000453e-04
9.220253200000000504e+01 3.800000000000000209e-04
9.232935800000001336e+01 2.400000000000000061e-04
9.245618400000000747e+01 1.700000000000000122e-04
9.258301000000000158e+01 8.400000000000000348e-04
9.270983600000000990e+01 1.000000000000000021e-03
9.283666199999998980e+01 6.800000000000000488e-04
9.296348799999998391e+01 4.699999999999999859e-04
9.309031400000000644e+01 2.500000000000000052e-04
9.321714000000001477e+01 4.899999999999999842e-04
9.334396599999999466e+01 3.800000000000000209e-04
9.347079200000001720e+01 4.899999999999999842e-04
9.359761800000001131e+01 9.700000000000000505e-04
9.372444400000000542e+01 1.250000000000000026e-03
9.385126999999999953e+01 1.090000000000000040e-03
9.397809599999999364e+01 7.399999999999999894e-04
9.410492200000000196e+01 5.100000000000000366e-04
9.423174800000001028e+01 4.499999999999999877e-04
9.435857400000000439e+01 5.400000000000000069e-04
9.448540000000002692e+01 7.600000000000000418e-04
9.461222600000000682e+01 6.300000000000000261e-04
9.473905199999998672e+01 5.000000000000000104e-04
9.486587800000000925e+01 5.199999999999999544e-04
9.499270399999997494e+01 2.799999999999999755e-04
9.511952999999998326e+01 -4.699999999999999859e-04
9.524635600000000579e+01 1.330000000000000019e-03
9.537318199999999990e+01 3.650000000000000033e-03
9.550000799999997980e+01 2.279999999999999909e-03
9.562683400000000233e+01 1.250000000000000026e-03
9.575365999999998223e+01 8.300000000000000086e-04
9.588048600000000476e+01 5.900000000000000296e-04
9.600731199999998466e+01 7.699999999999999597e-04
9.613413800000000720e+01 8.099999999999999561e-04
9.626096399999998710e+01 6.800000000000000488e-04
9.638778999999999542e+01 3.699999999999999947e-04
9.651461600000000374e+01 3.200000000000000262e-04
9.664144199999999785e+01 6.800000000000000488e-04
9.676826799999999196e+01 7.299999999999999632e-04
9.689509399999998607e+01 2.300000000000000070e-04
9.702191999999999439e+01 4.000000000000000327e-05
9.714874600000000271e+01 -1.200000000000000030e-04
9.727557199999998261e+01 1.299999999999999886e-04
9.740239800000001935e+01 1.000000000000000082e-05
9.752922399999999925e+01 -3.699999999999999947e-04
9.765605000000000757e+01 8.000000000000000654e-05
9.778287600000000168e+01 4.400000000000000157e-04
9.790970199999999579e+01 3.699999999999999947e-04
9.803652800000000411e+01 3.800000000000000209e-04
9.816335399999999822e+01 1.000000000000000082e-05
9.829018000000000654e+01 -1.700000000000000122e-04
9.841700600000001486e+01 -1.299999999999999886e-04
9.854383199999999476e+01 -2.700000000000000035e-04
9.867065800000000309e+01 -1.299999999999999940e-03
9.879748399999999720e+01 -1.299999999999999940e-03
9.892431000000000552e+01 4.499999999999999877e-04
9.905113599999999963e+01 5.999999999999999474e-04
9.917796200000000795e+01 8.499999999999999526e-04
9.930478800000001627e+01 5.199999999999999544e-04
9.943161400000001038e+01 3.099999999999999999e-04
9.955844000000000449e+01 9.100000000000000016e-04
9.968526599999998439e+01 6.899999999999999667e-04
9.981209199999999271e+01 4.200000000000000174e-04
9.993891799999998682e+01 8.499999999999999526e-04
1.000657439999999951e+02 1.010000000000000047e-03
1.001925700000000035e+02 7.699999999999999597e-04
1.003193959999999976e+02 1.240000000000000000e-03
1.004462220000000059e+02 1.670000000000000043e-03
1.005730480000000000e+02 1.500000000000000031e-03
1.006998739999999799e+02 1.299999999999999940e-03
1.008267000000000024e+02 1.219999999999999947e-03
1.009535259999999965e+02 1.160000000000000007e-03
1.010803519999999907e+02 1.000000000000000021e-03
1.012071780000000132e+02 6.199999999999999999e-04
1.013340040000000073e+02 1.700000000000000122e-04
1.014608300000000156e+02 5.599999999999999509e-04
1.015876559999999955e+02 1.199999999999999895e-03
1.017144819999999896e+02 9.200000000000000278e-04
1.018413079999999979e+02 3.600000000000000227e-04
1.019681340000000063e+02 2.799999999999999755e-04
1.020949600000000004e+02 4.299999999999999894e-04
1.022217859999999945e+02 3.899999999999999929e-04
1.023486120000000028e+02 3.499999999999999964e-04
1.024754379999999969e+02 1.600000000000000131e-04
1.026022640000000195e+02 5.999999999999999474e-04
1.027290899999999993e+02 9.100000000000000016e-04
1.028559159999999935e+02 9.100000000000000016e-04
1.029827420000000160e+02 8.000000000000000383e-04
1.031095680000000101e+02 3.499999999999999964e-04
1.032363940000000042e+02 3.099999999999999999e-04
1.033632200000000125e+02 -6.999999999999999387e-05
1.034900460000000066e+02 0.000000000000000000e+00
1.036168720000000008e+02 2.799999999999999755e-04
1.037436979999999949e+02 2.000000000000000164e-05
1.038705240000000174e+02 4.299999999999999894e-04
1.039973499999999973e+02 8.599999999999999789e-04
1.041241760000000198e+02 7.900000000000000121e-04
1.042510019999999855e+02 8.300000000000000086e-04
1.043778279999999938e+02 1.020000000000000073e-03
1.045046539999999879e+02 9.100000000000000016e-04
1.046314799999999678e+02 1.160000000000000007e-03
1.047583060000000046e+02 1.270000000000000078e-03
1.048851319999999987e+02 7.600000000000000418e-04
1.050119579999999928e+02 8.999999999999999754e-04
1.051387840000000153e+02 1.219999999999999947e-03
1.052656099999999952e+02 1.690000000000000096e-03
1.053924360000000036e+02 1.500000000000000031e-03
1.055192619999999977e+02 1.110000000000000092e-03
1.056460880000000060e+02 1.369999999999999907e-03
1.057729140000000001e+02 1.610000000000000103e-03
1.058997399999999800e+02 1.750000000000000036e-03
1.060265660000000025e+02 1.440000000000000091e-03
1.061533919999999966e+02 1.750000000000000036e-03
1.062802180000000050e+02 2.330000000000000040e-03
1.064070440000000133e+02 2.769999999999999893e-03
1.065338699999999932e+02 3.119999999999999944e-03
1.066606959999999873e+02 2.909999999999999826e-03
1.067875219999999956e+02 2.850000000000000103e-03
1.069143480000000181e+02 3.069999999999999812e-03
1.070411740000000123e+02 3.109999999999999917e-03
1.071680000000000064e+02 3.629999999999999980e-03
1.072948260000000147e+02 4.409999999999999858e-03
1.074216519999999946e+02 4.409999999999999858e-03
1.075484779999999887e+02 4.340000000000000108e-03
1.076753039999999970e+02 4.839999999999999684e-03
1.078021300000000053e+02 5.579999999999999891e-03
1.079289560000000137e+02 5.930000000000000375e-03
1.080557820000000078e+02 6.409999999999999899e-03
1.081826080000000161e+02 7.250000000000000368e-03
1.083094340000000102e+02 8.109999999999999154e-03
1.084362599999999901e+02 9.199999999999999845e-03
1.085630859999999984e+02 1.030999999999999972e-02
1.086899120000000210e+02 1.116999999999999937e-02
1.088167379999999866e+02 1.226000000000000006e-02
1.089435639999999808e+02 1.344000000000000056e-02
1.090703900000000033e+02 1.375999999999999966e-02
1.091972159999999974e+02 1.396000000000000019e-02
1.093240420000000057e+02 1.414999999999999938e-02
1.094508679999999856e+02 1.400000000000000029e-02
1.095776939999999939e+02 1.329999999999999932e-02
1.097045199999999880e+02 1.252999999999999947e-02
1.098313459999999964e+02 1.213000000000000016e-02
1.099581720000000047e+02 1.132999999999999979e-02
1.100849979999999988e+02 1.085999999999999986e-02
1.102118239999999929e+02 1.076000000000000047e-02
1.103386499999999870e+02 1.047999999999999973e-02
1.104654759999999953e+02 1.042000000000000044e-02
1.105923020000000037e+02 1.043000000000000003e-02
1.107191279999999836e+02 1.068999999999999985e-02
1.108459540000000203e+02 1.167999999999999941e-02
1.109727800000000002e+02 1.251000000000000029e-02
1.110996059999999801e+02 1.315999999999999982e-02
1.112264320000000026e+02 1.410999999999999928e-02
1.113532579999999967e+02 1.542999999999999927e-02
1.114800840000000051e+02 1.699000000000000163e-02
1.116069099999999992e+02 1.863000000000000073e-02
1.117337359999999933e+02 2.044999999999999943e-02
1.118605620000000158e+02 2.230000000000000038e-02
1.119873879999999957e+02 2.463999999999999871e-02
1.121142140000000182e+02 2.678000000000000172e-02
1.122410399999999981e+02 2.869999999999999982e-02
1.123678660000000065e+02 3.051999999999999852e-02
1.124946920000000006e+02 3.159000000000000002e-02
1.126215180000000089e+02 3.225000000000000089e-02
1.127483440000000030e+02 3.239000000000000212e-02
1.128751699999999971e+02 3.219999999999999946e-02
1.130019960000000196e+02 3.196999999999999842e-02
1.131288220000000138e+02 3.189999999999999780e-02
1.132556479999999937e+02 3.191999999999999699e-02
1.133824740000000162e+02 3.268999999999999684e-02
1.135092999999999961e+02 3.388000000000000039e-02
1.136361259999999902e+02 3.502999999999999864e-02
1.137629519999999985e+02 3.558999999999999664e-02
1.138897779999999784e+02 3.515000000000000069e-02
1.140166040000000010e+02 3.370999999999999691e-02
1.141434299999999951e+02 3.108999999999999958e-02
1.142702559999999892e+02 2.769999999999999893e-02
1.143970819999999975e+02 2.357000000000000067e-02
1.145239079999999916e+02 1.929000000000000159e-02
1.146507339999999999e+02 1.557000000000000051e-02
1.147775600000000082e+02 1.246000000000000059e-02
1.149043860000000166e+02 9.289999999999999647e-03
1.150312120000000107e+02 7.170000000000000158e-03
1.151580379999999906e+02 5.930000000000000375e-03
1.152848639999999989e+02 4.619999999999999975e-03
1.154116899999999930e+02 3.409999999999999837e-03
1.155385160000000155e+02 2.759999999999999867e-03
1.156653419999999954e+02 2.370000000000000145e-03
1.157921679999999895e+02 1.770000000000000089e-03
1.159189940000000263e+02 1.369999999999999907e-03
1.160458200000000062e+02 1.369999999999999907e-03
1.161726459999999861e+02 1.340000000000000045e-03
1.162994720000000086e+02 1.020000000000000073e-03
1.164262979999999885e+02 7.399999999999999894e-04
1.165531239999999968e+02 6.599999999999999964e-04
1.166799500000000052e+02 8.499999999999999526e-04
1.168067759999999993e+02 7.399999999999999894e-04
1.169336019999999934e+02 5.500000000000000331e-04
1.170604280000000017e+02 3.699999999999999947e-04
1.171872539999999816e+02 3.600000000000000227e-04
1.173140800000000183e+02 5.299999999999999807e-04
1.174409059999999982e+02 4.099999999999999912e-04
1.175677319999999639e+02 6.700000000000000226e-04
1.176945580000000007e+02 6.899999999999999667e-04
1.178213840000000090e+02 3.299999999999999982e-04
1.179482100000000173e+02 3.400000000000000244e-04
1.180750359999999972e+02 3.699999999999999947e-04
1.182018619999999913e+02 -1.000000000000000048e-04
1.183286879999999854e+02 -4.600000000000000139e-04
1.184555139999999795e+02 -4.000000000000000192e-04
1.185823400000000163e+02 -4.400000000000000157e-04
1.187091659999999962e+02 -2.900000000000000017e-04
1.188359920000000187e+02 -2.200000000000000078e-04
1.189628180000000128e+02 -2.000000000000000164e-05
1.190896439999999785e+02 2.000000000000000096e-04
1.192164699999999868e+02 -5.000000000000000240e-05
1.193432959999999952e+02 -8.000000000000000654e-05
1.194701220000000177e+02 1.100000000000000039e-04
1.195969480000000118e+02 1.700000000000000122e-04
1.197237739999999917e+02 -9.000000000000000567e-05
1.198506000000000142e+02 -2.900000000000000017e-04
1.199774259999999941e+02 -1.299999999999999886e-04
1.201042519999999882e+02 -5.000000000000000240e-05
1.202310780000000108e+02 -2.000000000000000164e-05
1.203579039999999907e+02 3.000000000000000076e-05
1.204847299999999848e+02 3.800000000000000209e-04
1.206115559999999931e+02 5.599999999999999509e-04
1.207383819999999872e+02 3.000000000000000076e-05
1.208652080000000097e+02 -1.399999999999999877e-04
1.209920339999999896e+02 3.000000000000000076e-05
1.211188599999999838e+02 -4.000000000000000327e-05
1.212456860000000205e+02 6.000000000000000152e-05
1.213725119999999862e+02 1.600000000000000131e-04
1.214993379999999803e+02 2.200000000000000078e-04
1.216261640000000170e+02 1.800000000000000113e-04
1.217529900000000112e+02 3.299999999999999982e-04
1.218798159999999910e+02 3.099999999999999999e-04
1.220066419999999852e+02 -6.000000000000000152e-05
1.221334680000000077e+02 -3.000000000000000076e-05
1.222602939999999876e+02 3.600000000000000227e-04
1.223871200000000101e+02 4.000000000000000192e-04
1.225139460000000184e+02 3.699999999999999947e-04
1.226407719999999841e+02 6.099999999999999737e-04
1.227675979999999782e+02 4.299999999999999894e-04
1.228944239999999866e+02 2.599999999999999772e-04
1.230212499999999807e+02 2.400000000000000061e-04
1.231480760000000032e+02 1.000000000000000082e-05
1.232749019999999831e+02 1.000000000000000082e-05
1.234017280000000056e+02 5.199999999999999544e-04
1.235285539999999855e+02 2.999999999999999737e-04
1.236553800000000081e+02 -1.200000000000000030e-04
1.237822060000000022e+02 9.000000000000000567e-05
1.239090319999999821e+02 6.000000000000000152e-05
1.240358580000000046e+02 -2.000000000000000096e-04
1.241626840000000129e+02 -2.000000000000000164e-05
1.242895100000000070e+02 2.599999999999999772e-04
1.244163360000000154e+02 2.200000000000000078e-04
1.245431620000000095e+02 1.600000000000000131e-04
1.246699880000000036e+02 0.000000000000000000e+00
1.247968139999999835e+02 2.900000000000000017e-04
1.249236399999999776e+02 5.400000000000000069e-04
1.250504660000000001e+02 5.100000000000000366e-04
1.251772919999999800e+02 2.799999999999999755e-04
1.253041180000000026e+02 -1.399999999999999877e-04
1.254309439999999825e+02 -2.799999999999999755e-04
1.255577700000000050e+02 -1.399999999999999877e-04
1.256845959999999991e+02 2.000000000000000164e-05
1.258114219999999790e+02 3.400000000000000244e-04
1.259382480000000015e+02 9.000000000000000567e-05
1.260650739999999814e+02 -3.099999999999999999e-04
1.261919000000000040e+02 -9.000000000000000567e-05
1.263187259999999981e+02 2.000000000000000164e-05
1.264455519999999780e+02 -2.000000000000000164e-05
1.265723780000000005e+02 5.000000000000000240e-05
1.266992039999999804e+02 2.200000000000000078e-04
1.268260300000000029e+02 3.099999999999999999e-04
1.269528559999999970e+02 2.400000000000000061e-04
1.270796820000000054e+02 2.100000000000000087e-04
1.272065080000000279e+02 5.599999999999999509e-04
1.273333339999999936e+02 4.600000000000000139e-04
1.274601600000000019e+02 4.299999999999999894e-04
1.275869859999999960e+02 6.999999999999999929e-04
1.277138120000000043e+02 8.000000000000000383e-04
1.278406379999999984e+02 8.099999999999999561e-04
1.279674639999999926e+02 5.900000000000000296e-04
1.280942900000000009e+02 7.200000000000000453e-04
1.282211159999999950e+02 1.100000000000000066e-03
1.283479419999999891e+02 8.599999999999999789e-04
1.284747679999999832e+02 5.400000000000000069e-04
1.286015940000000057e+02 5.599999999999999509e-04
1.287284199999999998e+02 3.899999999999999929e-04
1.288552459999999940e+02 4.400000000000000157e-04
1.289820719999999881e+02 4.400000000000000157e-04
1.291088979999999822e+02 3.600000000000000227e-04
1.292357239999999763e+02 5.100000000000000366e-04
1.293625500000000272e+02 1.049999999999999935e-03
1.294893760000000213e+02 1.020000000000000073e-03
1.296162020000000155e+02 6.499999999999999702e-04
1.297430279999999811e+02 8.899999999999999491e-04
1.298698540000000037e+02 9.600000000000000243e-04
1.299966799999999978e+02 7.399999999999999894e-04
1.301235060000000203e+02 7.900000000000000121e-04
1.302503320000000144e+02 9.100000000000000016e-04
1.303771579999999801e+02 9.300000000000000541e-04
1.305039840000000027e+02 8.400000000000000348e-04
1.306308099999999968e+02 6.999999999999999929e-04
1.307576359999999909e+02 6.199999999999999999e-04
1.308844619999999850e+02 7.100000000000000191e-04
1.310112880000000075e+02 9.100000000000000016e-04
1.311381140000000016e+02 8.400000000000000348e-04
1.312649399999999957e+02 8.700000000000000051e-04
1.313917659999999614e+02 6.999999999999999929e-04
1.315185919999999555e+02 5.900000000000000296e-04
1.316454180000000065e+02 9.100000000000000016e-04
1.317722440000000006e+02 1.209999999999999921e-03
1.318990699999999663e+02 1.209999999999999921e-03
1.320258959999999888e+02 1.149999999999999981e-03
1.321527219999999829e+02 1.160000000000000007e-03
1.322795480000000055e+02 9.700000000000000505e-04
1.324063739999999996e+02 8.000000000000000383e-04
1.325331999999999937e+02 7.699999999999999597e-04
1.326600259999999878e+02 8.499999999999999526e-04
1.327868519999999819e+02 8.400000000000000348e-04
1.329136780000000044e+02 1.020000000000000073e-03
1.330405039999999985e+02 1.459999999999999926e-03
1.331673299999999927e+02 1.299999999999999940e-03
1.332941559999999868e+02 1.500000000000000031e-03
1.334209819999999809e+02 1.740000000000000010e-03
1.335478080000000034e+02 1.649999999999999991e-03
1.336746339999999975e+02 1.729999999999999984e-03
1.338014599999999916e+02 1.770000000000000089e-03
1.339282859999999857e+02 1.850000000000000082e-03
1.340551119999999798e+02 1.969999999999999963e-03
1.341819380000000024e+02 2.119999999999999923e-03
1.343087639999999965e+02 2.160000000000000028e-03
1.344355899999999906e+02 2.269999999999999882e-03
1.345624160000000131e+02 2.429999999999999868e-03
1.346892419999999788e+02 2.289999999999999935e-03
1.348160680000000013e+02 2.190000000000000106e-03
1.349428939999999670e+02 2.850000000000000103e-03
1.350697200000000180e+02 3.129999999999999970e-03
1.351965459999999837e+02 3.050000000000000194e-03
1.353233719999999778e+02 3.289999999999999956e-03
1.354501980000000003e+02 3.310000000000000008e-03
1.355770239999999944e+02 3.399999999999999811e-03
1.357038499999999601e+02 3.480000000000000020e-03
1.358306760000000111e+02 3.569999999999999823e-03
1.359575020000000052e+02 3.589999999999999875e-03
1.360843280000000277e+02 3.650000000000000033e-03
1.362111539999999934e+02 3.589999999999999875e-03
1.363379799999999591e+02 3.540000000000000178e-03
1.364648059999999816e+02 3.660000000000000059e-03
1.365916320000000326e+02 3.700000000000000164e-03
1.367184580000000267e+02 3.899999999999999821e-03
1.368452839999999924e+02 3.989999999999999623e-03
1.369721099999999865e+02 4.100000000000000346e-03
1.370989359999999522e+02 4.009999999999999676e-03
1.372257620000000315e+02 3.830000000000000071e-03
1.373525880000000257e+02 3.950000000000000386e-03
1.374794139999999913e+02 4.080000000000000293e-03
1.376062399999999855e+02 3.860000000000000150e-03
1.377330659999999796e+02 3.589999999999999875e-03
1.378598920000000305e+02 3.820000000000000045e-03
1.379867180000000246e+02 4.029999999999999728e-03
1.381135439999999903e+02 3.919999999999999873e-03
1.382403699999999844e+02 3.759999999999999887e-03
1.383671959999999501e+02 3.429999999999999889e-03
1.384940220000000011e+02 3.200000000000000153e-03
1.386208479999999952e+02 3.000000000000000062e-03
1.387476739999999893e+02 2.880000000000000181e-03
1.388744999999999834e+02 2.690000000000000117e-03
1.390013259999999775e+02 2.520000000000000104e-03
1.391281519999999716e+02 2.419999999999999842e-03
1.392549779999999657e+02 2.390000000000000197e-03
1.393818039999999883e+02 2.680000000000000090e-03
1.395086299999999540e+02 2.109999999999999896e-03
1.396354560000000049e+02 2.139999999999999975e-03
1.397622819999999990e+02 2.739999999999999814e-03
1.398891079999999931e+02 2.320000000000000014e-03
1.400159339999999872e+02 1.690000000000000096e-03
1.401427599999999813e+02 1.660000000000000017e-03
1.402695859999999755e+02 1.979999999999999989e-03
1.403964119999999980e+02 1.949999999999999910e-03
1.405232379999999921e+02 1.879999999999999944e-03
1.406500639999999862e+02 2.139999999999999975e-03
1.407768899999999519e+02 2.190000000000000106e-03
1.409037159999999744e+02 2.079999999999999818e-03
1.410305419999999970e+02 2.320000000000000014e-03
1.411573679999999911e+02 2.340000000000000066e-03
1.412841939999999852e+02 2.390000000000000197e-03
1.414110199999999793e+02 2.550000000000000183e-03
1.415378460000000018e+02 2.690000000000000117e-03
1.416646719999999959e+02 2.739999999999999814e-03
1.417914979999999900e+02 2.899999999999999800e-03
1.419183239999999842e+02 3.180000000000000101e-03
1.420451499999999498e+02 3.239999999999999825e-03
1.421719759999999724e+02 3.160000000000000048e-03
1.422988020000000233e+02 3.530000000000000152e-03
1.424256280000000174e+02 4.159999999999999636e-03
1.425524540000000115e+02 4.879999999999999789e-03
1.426792799999999488e+02 5.400000000000000286e-03
1.428061059999999429e+02 5.409999999999999878e-03
1.429329320000000223e+02 5.629999999999999588e-03
1.430597580000000164e+02 5.850000000000000165e-03
1.431865839999999821e+02 6.080000000000000335e-03
1.433134099999999478e+02 6.210000000000000242e-03
1.434402359999999419e+02 6.170000000000000137e-03
1.435670620000000213e+02 6.309999999999999637e-03
1.436938880000000154e+02 6.420000000000000359e-03
1.438207140000000095e+02 6.479999999999999649e-03
1.439475399999999468e+02 6.919999999999999936e-03
1.440743659999999693e+02 7.080000000000000356e-03
1.442011919999999918e+02 6.810000000000000081e-03
1.443280179999999859e+02 6.949999999999999581e-03
1.444548440000000085e+02 7.049999999999999843e-03
1.445816699999999742e+02 7.060000000000000303e-03
1.447084959999999683e+02 7.170000000000000158e-03
1.448353219999999624e+02 6.790000000000000029e-03
1.449621479999999565e+02 7.150000000000000105e-03
1.450889740000000074e+02 7.470000000000000077e-03
1.452157999999999731e+02 6.960000000000000041e-03
1.453426259999999957e+02 7.119999999999999593e-03
1.454694519999999898e+02 7.590000000000000392e-03
1.455962779999999839e+02 7.680000000000000195e-03
1.457231040000000064e+02 7.530000000000000235e-03
1.458499299999999721e+02 7.649999999999999682e-03
1.459767559999999946e+02 7.680000000000000195e-03
1.461035819999999887e+02 7.309999999999999658e-03
1.462304080000000113e+02 7.289999999999999605e-03
1.463572339999999770e+02 7.709999999999999840e-03
1.464840599999999426e+02 7.599999999999999985e-03
1.466108859999999936e+02 7.380000000000000275e-03
1.467377119999999877e+02 7.060000000000000303e-03
1.468645379999999818e+02 7.009999999999999738e-03
1.469913639999999759e+02 7.009999999999999738e-03
1.471181899999999700e+02 6.610000000000000424e-03
1.472450159999999642e+02 6.680000000000000174e-03
1.473718420000000151e+02 6.769999999999999976e-03
1.474986679999999808e+02 6.610000000000000424e-03
1.476254939999999465e+02 6.309999999999999637e-03
1.477523199999999974e+02 6.219999999999999835e-03
1.478791460000000200e+02 6.420000000000000359e-03
1.480059719999999857e+02 6.320000000000000097e-03
1.481327979999999798e+02 6.320000000000000097e-03
1.482596239999999739e+02 6.479999999999999649e-03
1.483864499999999680e+02 6.100000000000000387e-03
1.485132759999999621e+02 6.610000000000000424e-03
1.486401019999999846e+02 6.939999999999999988e-03
1.487669280000000072e+02 6.590000000000000371e-03
1.488937539999999728e+02 6.629999999999999609e-03
1.490205799999999670e+02 6.919999999999999936e-03
1.491474059999999895e+02 7.020000000000000198e-03
1.492742320000000120e+02 7.020000000000000198e-03
1.494010579999999493e+02 6.830000000000000134e-03
1.495278840000000002e+02 6.910000000000000343e-03
1.496547099999999659e+02 7.190000000000000210e-03
1.497815359999999600e+02 7.150000000000000105e-03
1.499083619999999826e+02 7.539999999999999827e-03
1.500351880000000051e+02 7.440000000000000432e-03
